LAYER   -5.00   5.11   0.0   3.04   0.0   2.7   0.0
LAYER   2.50    5.83   0.0   3.41   0.0   2.7   0.0
LAYER   5.00    5.98   0.0   3.54   0.0   2.7   0.0
LAYER   8.00    6.06   0.0   3.58   0.0   2.7   0.0
LAYER   11.00   6.06   0.0   3.60   0.0   2.7   0.0
LAYER   14.00   6.06   0.0   3.60   0.0   2.7   0.0
LAYER   17.00   6.32   0.0   3.71   0.0   2.7   0.0
LAYER   20.00   6.59   0.0   3.77   0.0   2.7   0.0
LAYER   25.00   7.18   0.0   3.91   0.0   2.7   0.0
LAYER   30.00   7.18   0.0   3.98   0.0   2.7   0.0
LAYER   35.00   7.39   0.0   4.31   0.0   2.7   0.0
LAYER   40.00   7.82   0.0   4.42   0.0   2.7   0.0
LAYER   45.00   7.89   0.0   4.62   0.0   2.7   0.0
LAYER   50.00   7.95   0.0   4.68   0.0   2.7   0.0
LAYER   60.00   8.00   0.0   4.71   0.0   2.7   0.0
LAYER   80.00   8.10   0.0   4.76   0.0   2.7   0.0
