LAYER   -5.000   5.866   0.0   3.20546   0.0   2.7   0.0
LAYER   -4.500   5.866   0.0   3.20546   0.0   2.7   0.0
LAYER   -4.000   5.866   0.0   3.20546   0.0   2.7   0.0
LAYER   -3.500   5.866   0.0   3.20546   0.0   2.7   0.0
LAYER   -3.000   5.866   0.0   3.20546   0.0   2.7   0.0
LAYER   -2.500   5.866   0.0   3.20546   0.0   2.7   0.0
LAYER   -2.000   5.866   0.0   3.20546   0.0   2.7   0.0
LAYER   -1.500   5.866   0.0   3.20546   0.0   2.7   0.0
LAYER   -1.000   5.866   0.0   3.20546   0.0   2.7   0.0
LAYER   -0.500   5.867   0.0   3.21303   0.0   2.7   0.0
LAYER   0.000   5.868   0.0   3.22595   0.0   2.7   0.0
LAYER   0.500   5.870   0.0   3.23951   0.0   2.7   0.0
LAYER   1.000   5.873   0.0   3.25916   0.0   2.7   0.0
LAYER   1.500   5.874   0.0   3.26696   0.0   2.7   0.0
LAYER   2.000   5.875   0.0   3.27663   0.0   2.7   0.0
LAYER   2.500   5.876   0.0   3.28452   0.0   2.7   0.0
LAYER   3.000   5.877   0.0   3.29244   0.0   2.7   0.0
LAYER   3.500   5.878   0.0   3.31155   0.0   2.7   0.0
LAYER   4.000   5.879   0.0   3.33088   0.0   2.7   0.0
LAYER   4.500   5.880   0.0   3.34661   0.0   2.7   0.0
LAYER   5.000   5.881   0.0   3.36249   0.0   2.7   0.0
LAYER   5.500   5.883   0.0   3.37328   0.0   2.7   0.0
LAYER   6.000   5.885   0.0   3.38218   0.0   2.7   0.0
LAYER   6.500   5.887   0.0   3.39113   0.0   2.7   0.0
LAYER   7.000   5.890   0.0   3.40069   0.0   2.7   0.0
LAYER   7.500   5.893   0.0   3.41425   0.0   2.7   0.0
LAYER   8.000   5.896   0.0   3.42592   0.0   2.7   0.0
LAYER   8.500   5.900   0.0   3.43823   0.0   2.7   0.0
LAYER   9.000   5.903   0.0   3.44801   0.0   2.7   0.0
LAYER   9.500   5.906   0.0   3.4619   0.0   2.7   0.0
LAYER   10.000   5.909   0.0   3.47384   0.0   2.7   0.0
LAYER   10.500   5.912   0.0   3.48379   0.0   2.7   0.0
LAYER   11.000   5.915   0.0   3.49174   0.0   2.7   0.0
LAYER   11.500   5.918   0.0   3.4997   0.0   2.7   0.0
LAYER   12.000   5.922   0.0   3.50829   0.0   2.7   0.0
LAYER   12.500   5.926   0.0   3.51691   0.0   2.7   0.0
LAYER   13.000   5.931   0.0   3.52616   0.0   2.7   0.0
LAYER   13.500   5.934   0.0   3.53004   0.0   2.7   0.0
LAYER   14.000   5.938   0.0   3.53452   0.0   2.7   0.0
LAYER   14.500   5.944   0.0   3.5402   0.0   2.7   0.0
LAYER   15.000   5.952   0.0   3.54708   0.0   2.7   0.0
LAYER   15.500   5.954   0.0   3.55039   0.0   2.7   0.0
LAYER   16.000   5.956   0.0   3.55158   0.0   2.7   0.0
LAYER   16.500   5.959   0.0   3.55549   0.0   2.7   0.0
LAYER   17.000   5.964   0.0   3.55847   0.0   2.7   0.0
LAYER   17.500   5.970   0.0   3.55993   0.0   2.7   0.0
LAYER   18.000   5.976   0.0   3.56138   0.0   2.7   0.0
LAYER   18.500   5.983   0.0   3.56343   0.0   2.7   0.0
LAYER   19.000   5.993   0.0   3.56514   0.0   2.7   0.0
LAYER   19.500   6.002   0.0   3.56625   0.0   2.7   0.0
LAYER   20.000   6.011   0.0   3.56948   0.0   2.7   0.0
LAYER   20.500   6.022   0.0   3.57177   0.0   2.7   0.0
LAYER   21.000   6.031   0.0   3.57287   0.0   2.7   0.0
LAYER   21.500   6.051   0.0   3.57624   0.0   2.7   0.0
LAYER   22.000   6.073   0.0   3.58078   0.0   2.7   0.0
LAYER   22.500   6.094   0.0   3.58682   0.0   2.7   0.0
LAYER   23.000   6.119   0.0   3.59096   0.0   2.7   0.0
LAYER   23.500   6.152   0.0   3.59977   0.0   2.7   0.0
LAYER   24.000   6.188   0.0   3.60816   0.0   2.7   0.0
LAYER   24.500   6.223   0.0   3.61592   0.0   2.7   0.0
LAYER   25.000   6.259   0.0   3.62211   0.0   2.7   0.0
LAYER   25.500   6.305   0.0   3.62982   0.0   2.7   0.0
LAYER   26.000   6.349   0.0   3.6384   0.0   2.7   0.0
LAYER   26.500   6.393   0.0   3.64689   0.0   2.7   0.0
LAYER   27.000   6.443   0.0   3.65664   0.0   2.7   0.0
LAYER   27.500   6.484   0.0   3.66535   0.0   2.7   0.0
LAYER   28.000   6.522   0.0   3.6723   0.0   2.7   0.0
LAYER   28.500   6.564   0.0   3.68144   0.0   2.7   0.0
LAYER   29.000   6.606   0.0   3.68844   0.0   2.7   0.0
LAYER   29.500   6.628   0.0   3.69248   0.0   2.7   0.0
LAYER   30.000   6.653   0.0   3.69817   0.0   2.7   0.0
