LAYER   0.00   1.60   0.0   0.69   0.0   2.7   0.0
LAYER   0.03   2.04   0.0   0.93   0.0   2.7   0.0
LAYER   0.06   2.48   0.0   1.16   0.0   2.7   0.0
LAYER   0.09   2.92   0.0   1.40   0.0   2.7   0.0
LAYER   0.12   3.35   0.0   1.63   0.0   2.7   0.0
LAYER   0.15   3.79   0.0   1.87   0.0   2.7   0.0
LAYER   0.20   4.24   0.0   2.26   0.0   2.7   0.0
LAYER   0.25   4.70   0.0   2.66   0.0   2.7   0.0
LAYER   0.30   5.23   0.0   3.05   0.0   2.7   0.0
LAYER   0.50   5.55   0.0   3.31   0.0   2.7   0.0
LAYER   0.75   5.70   0.0   3.38   0.0   2.7   0.0
LAYER   1.00   5.75   0.0   3.42   0.0   2.7   0.0
LAYER   1.25   5.74   0.0   3.44   0.0   2.7   0.0
LAYER   1.50   5.81   0.0   3.55   0.0   2.7   0.0
LAYER   1.75   5.87   0.0   3.63   0.0   2.7   0.0
LAYER   2.00   5.91   0.0   3.65   0.0   2.7   0.0
LAYER   2.25   5.90   0.0   3.70   0.0   2.7   0.0
LAYER   2.50   6.01   0.0   3.70   0.0   2.7   0.0
LAYER   3.00   6.02   0.0   3.71   0.0   2.7   0.0
LAYER   3.50   6.03   0.0   3.71   0.0   2.7   0.0
LAYER   4.00   6.12   0.0   3.71   0.0   2.7   0.0
LAYER   4.50   6.12   0.0   3.73   0.0   2.7   0.0
LAYER   5.00   6.14   0.0   3.73   0.0   2.7   0.0
LAYER   5.50   6.15   0.0   3.71   0.0   2.7   0.0
LAYER   6.00   6.15   0.0   3.71   0.0   2.7   0.0
LAYER   6.50   6.18   0.0   3.76   0.0   2.7   0.0
LAYER   7.00   6.22   0.0   3.75   0.0   2.7   0.0
LAYER   7.50   6.26   0.0   3.75   0.0   2.7   0.0
LAYER   8.00   6.28   0.0   3.74   0.0   2.7   0.0
LAYER   8.50   6.31   0.0   3.75   0.0   2.7   0.0
LAYER   9.00   6.31   0.0   3.76   0.0   2.7   0.0
LAYER   9.50   6.33   0.0   3.77   0.0   2.7   0.0
LAYER   10.0   6.34   0.0   3.77   0.0   2.7   0.0
