LAYER   -1.0   3.988   0.0   2.249   0.0   2.7   0.0
LAYER   0.0   5.186   0.0   2.613   0.0   2.7   0.0
LAYER   1.0   5.520   0.0   2.993   0.0   2.7   0.0
LAYER   2.0   5.708   0.0   3.201   0.0   2.7   0.0
LAYER   3.0   5.774   0.0   3.309   0.0   2.7   0.0
LAYER   4.0   5.855   0.0   3.358   0.0   2.7   0.0
LAYER   5.0   5.936   0.0   3.404   0.0   2.7   0.0
LAYER   6.0   6.027   0.0   3.429   0.0   2.7   0.0
LAYER   7.0   6.094   0.0   3.466   0.0   2.7   0.0
LAYER   8.0   6.156   0.0   3.481   0.0   2.7   0.0
LAYER   9.0   6.220   0.0   3.498   0.0   2.7   0.0
LAYER   10.0   6.281   0.0   3.519   0.0   2.7   0.0
LAYER   11.0   6.346   0.0   3.541   0.0   2.7   0.0
LAYER   12.0   6.407   0.0   3.557   0.0   2.7   0.0
LAYER   13.0   6.464   0.0   3.571   0.0   2.7   0.0
LAYER   14.0   6.523   0.0   3.583   0.0   2.7   0.0
LAYER   15.0   6.583   0.0   3.599   0.0   2.7   0.0
LAYER   16.0   6.641   0.0   3.616   0.0   2.7   0.0
LAYER   17.0   6.699   0.0   3.633   0.0   2.7   0.0
LAYER   18.0   6.754   0.0   3.652   0.0   2.7   0.0
LAYER   19.0   6.812   0.0   3.675   0.0   2.7   0.0
LAYER   20.0   6.871   0.0   3.698   0.0   2.7   0.0
LAYER   21.0   6.932   0.0   3.722   0.0   2.7   0.0
LAYER   22.0   6.999   0.0   3.746   0.0   2.7   0.0
LAYER   23.0   7.065   0.0   3.770   0.0   2.7   0.0
LAYER   24.0   7.136   0.0   3.795   0.0   2.7   0.0
LAYER   25.0   7.214   0.0   3.821   0.0   2.7   0.0
LAYER   26.0   7.295   0.0   3.848   0.0   2.7   0.0
LAYER   27.0   7.387   0.0   3.875   0.0   2.7   0.0
LAYER   28.0   7.485   0.0   3.903   0.0   2.7   0.0
LAYER   29.0   7.601   0.0   3.931   0.0   2.7   0.0
LAYER   30.0   7.744   0.0   3.960   0.0   2.7   0.0
