LAYER   0.000   1.45   0.0   0.49   0.0   2.7   0.0
LAYER   0.148   1.45   0.0   0.49   0.0   2.7   0.0
LAYER   0.561   1.81   0.0   0.91   0.0   2.7   0.0
LAYER   0.771   2.26   0.0   1.13   0.0   2.7   0.0
LAYER   1.061   2.86   0.0   1.46   0.0   2.7   0.0
LAYER   1.411   3.20   0.0   1.67   0.0   2.7   0.0
LAYER   1.706   3.16   0.0   1.65   0.0   2.7   0.0
LAYER   1.867   3.82   0.0   2.02   0.0   2.7   0.0
LAYER   1.997   5.13   0.0   2.66   0.0   2.7   0.0
LAYER   2.542   4.55   0.0   2.43   0.0   2.7   0.0
LAYER   2.816   5.15   0.0   2.93   0.0   2.7   0.0
LAYER   8.000   5.80   0.0   3.30   0.0   2.7   0.0
LAYER   25.00   6.90   0.0   4.00   0.0   2.7   0.0
