LAYER   -0.3   1.46   0.0   0.49   0.0   2.7   0.0
LAYER   0.0   1.81   0.0   0.85   0.0   2.7   0.0
LAYER   0.54   2.25   0.0   1.11   0.0   2.7   0.0
LAYER   0.77   2.85   0.0   1.44   0.0   2.7   0.0
LAYER   1.07   3.18   0.0   1.61   0.0   2.7   0.0
LAYER   2.25   3.81   0.0   2.01   0.0   2.7   0.0
LAYER   2.40   5.12   0.0   2.65   0.0   2.7   0.0
LAYER   2.55   4.53   0.0   2.39   0.0   2.7   0.0
LAYER   3.28   5.14   0.0   2.91   0.0   2.7   0.0
LAYER   3.55   5.69   0.0   3.276  0.0   2.7   0.0
LAYER   5.1    5.98   0.0   3.76   0.0   2.7   0.0
LAYER   15.0   6.18   0.0   3.57   0.0   2.7   0.0
LAYER   20.0   6.25   0.0   3.61   0.0   2.7   0.0
LAYER   21.0   6.88   0.0   3.97   0.0   2.7   0.0
LAYER   24.0   8.1    0.0   4.69   0.0   2.7   0.0
